%YAML:1.0


Camera.fx: 226.3801851
Camera.fy: 226.1500294
Camera.cx: 173.6470807
Camera.cy: 133.7327148

Camera.width: 346
Camera.height: 260
